第308期排列三
独胆:0.
组合:00,04,06.
和尾:350/492.
组选:003,012,049,058,067,005,014,023,069,078,000,019,028,037,046,055,004,013,022,059,068,077,009,018,027,036,045,002,011,039,048,057,066.
重点组选:003,049,067,005,014,069,000,046,004,068,009,045,063,002,048,066.
重点和尾9组选:900,108,207,306,504.
精选组选:900,504,360.
单挑组选:900.
直选:900,009,090.
单挑直选:900.



第308期3D
独胆:9.
组合:90,95,98.
和尾:39/2045.
组选:904,913,922,959,968,977,900,919,928,937,946,955,903,912,949,958,967,901,929,938,947,956,905,914,923,969,978,906,915,924,933,979,988.
重点组选:904,959,968,900,955,928,903,958,901,956,938,905,978,906,915,988.
重点和尾3组选:490,391,292,599,698,797.
精选组选:490,599,698,797.
单挑组选:599.
直选:599,995,959.
单挑直选:599.