第309期3D
独胆:8.
组合:80,81,85.
和尾:3927/46.
组选:805,814,823,869,878,801,829,838,847,856,804,813,822,859,868,877,809,818,827,836,845,806,815,824,833,879,888,808,817,826,835,844,899.
重点组选:805,814,801,856,804,813,859,809,818,845,806,815,808,817,835.
重点组选和尾6:880,781,286,583,844,899.
精选组选:880,781,583.
单挑组选:781.
直选:781,178,718,871,781,817.
单挑直选:718.


第309期3D(修改版)
独胆:1.
组合:12,17,18.
和尾:3927/64.
组选:102,111,139,148,157,166,108,117,126,135,144,199,101,129,138,147,156,106,115,124,133,179,188,103,112,149,158,167,105,114,123,169,178.
重点组选:102,157,148,126,117,108,129,147,138,124,179,188,112,167,158,123,178.
重点和尾6组选:510,411,231,691,781.
精选组选:231,781.
单挑组选:781.
直选:781,178,718,871,187,817.
单挑直选:718.





第309期排列三
独胆:3.
组合:31,35,37,33.
组选:309,318,327,336,345,304,313,322,359,368,377,307,316,325,334,389,302,311,393,384,357,366,300,319,328,337,346,355,306,315,324,333,379,388.
重点组选:318,345,327,336,313,359,377,316,325,307,334,311,357,393,319,355,337,315,379,333.
重点和尾9组选:306,513,234,333,937,838.
精选组选:513,937,333.
单挑组选:937.
直选:937,739,379,793,397,973.
单挑直选:379.