第311期3D
独胆:2.
组合:20,23,26,29.
和尾:5901/87.
组选:203,212,249,258,267,207,216,225,234,289,208,217,226,235,244,299,209,218,227,236,245,206,215,224,233,279,288,205,214,223,269,278.
重点组选:203,267,249,207,234,216,289,209,236,206,233,279,205,223,269.
重点和尾0组选:280,299,217,226,523,244.
精选组选:280,299,523,226.
单挑组选:299.直选:299,992,929.
单挑直选:992.


第311期排列三
独胆:3.
组合:35,34,36.
和尾:6759/04.
组选:303,312,349,358,367,304,313,322,359,368,377,302,311,393,384,357,366,306,315,324,333,379,388,301,329,383,374,356,307,316,325,334,389.
重点组选:358,349,367,304,359,368,384,357,366,306,315,324,374,356,316,325,334.
重点和尾4组选:103,293,833,437,536.
精选组选:437,536.
单挑组选:536.
直选:635,563,356,653,536,365.
单挑直选:365.