第314期3D
独胆：7（防2）。
组合：75，79，73。
和尾：2790/15。
组选：750，741，732，967，877，700，719，728，737，746，755，703，712，749，758，767，702，711，739，748，757，766，704，713，722，759，768，777，708，717，726，735，744，799。
重点组选：705，769，723，755，719，737，758，749，703，757，739，759，713，735，799。
重点和尾2组选：570，714，327，697，787。
精选组选：570，697，327。
单挑组选：697。
直选：697，976，796，769，679，967。
单挑组选：967。


314期3D毒888双胆999
毒8双飞：28 48 58
314期3D组选推荐号：
019 025 028 039 045 048 049 057 128  129  135  138 139 148
157  159  168  169 179 238 258
259 268 278 289 348 349 357
359 368 379 389 456 457 458
469 478 489 568 569 578 579 589 678 689
…………………………………………………
005 009  055  115  118 119 155
199  225 228 229 255 339 355
399 448 488 556 557 559 566
577 599 668 669 688 778  779
………………………………………………
314期3D重点组选推荐号：
278 289 368 458 478 568 559
009 179 199 359 379 469
314期3D单挑685 559
568 586 658 856 865 595 955