第325期3D
独胆:6.
组合:60,61,69.
和尾:546/319.
组选:609,618,627,636,645,608,617,626,635,644,699,600,619,628,637,646,655,607,616,625,634,689,605,614,623,669,678,603,612,649,658,667.重点组选:607,616,689,605,669,603,658,649,608,617,699,609,618,600,619.
重点和尾5组选:609,618,627,366,645.
精选组选:609,618,645.
单挑组选:609.
直选:609,960,069,690,906,096.
单挑直选:960.


第325期排列三
独胆:2.
组合:29,26,21.
和尾:8537/14.
组选:209,218,227,236,245,201,229,238,247,256,205,214,223,269,278,206,215,224,233,279,288,202,211,239,248,257,266,203,212,249,258,267.重点组选:209,236,218,201,229,256,214,269,206,215,279,211,239,266,212,249,267.
重点和尾8组选:206,125,224,233,297,288.
精选组选:297,206,125.
单挑组选:125.
直选:125,521,512,152,251,215.
单挑直选:125.